1324 2111 3232 4443 
1324 2111 3233 4442 
1324 2112 3231 4443 
1324 2112 3233 4441 
1324 2113 3232 4441 
1324 2113 3231 4442 
1324 2111 3242 4433 
1324 2111 3243 4432 
1324 2112 3241 4433 
1324 2112 3243 4431 
1324 2113 3242 4431 
1324 2113 3241 4432 
1324 2131 3212 4443 
1324 2131 3213 4442 
1324 2132 3211 4443 
1324 2132 3213 4441 
1324 2133 3212 4441 
1324 2133 3211 4442 
1324 2131 3242 4413 
1324 2131 3243 4412 
1324 2132 3241 4413 
1324 2132 3243 4411 
1324 2133 3242 4411 
1324 2133 3241 4412 
1324 2141 3232 4413 
1324 2141 3233 4412 
1324 2142 3231 4413 
1324 2142 3233 4411 
1324 2143 3232 4411 
1324 2143 3231 4412 
1324 2141 3212 4433 
1324 2141 3213 4432 
1324 2142 3211 4433 
1324 2142 3213 4431 
1324 2143 3212 4431 
1324 2143 3211 4432 
1324 2111 3432 4243 
1324 2111 3433 4242 
1324 2112 3431 4243 
1324 2112 3433 4241 
1324 2113 3432 4241 
1324 2113 3431 4242 
1324 2111 3442 4233 
1324 2111 3443 4232 
1324 2112 3441 4233 
1324 2112 3443 4231 
1324 2113 3442 4231 
1324 2113 3441 4232 
1324 2131 3412 4243 
1324 2131 3413 4242 
1324 2132 3411 4243 
1324 2132 3413 4241 
1324 2133 3412 4241 
1324 2133 3411 4242 
1324 2131 3442 4213 
1324 2131 3443 4212 
1324 2132 3441 4213 
1324 2132 3443 4211 
1324 2133 3442 4211 
1324 2133 3441 4212 
1324 2141 3432 4213 
1324 2141 3433 4212 
1324 2142 3431 4213 
1324 2142 3433 4211 
1324 2143 3432 4211 
1324 2143 3431 4212 
1324 2141 3412 4233 
1324 2141 3413 4232 
1324 2142 3411 4233 
1324 2142 3413 4231 
1324 2143 3412 4231 
1324 2143 3411 4232 
1324 2211 3132 4443 
1324 2211 3133 4442 
1324 2212 3131 4443 
1324 2212 3133 4441 
1324 2213 3132 4441 
1324 2213 3131 4442 
1324 2211 3142 4433 
1324 2211 3143 4432 
1324 2212 3141 4433 
1324 2212 3143 4431 
1324 2213 3142 4431 
1324 2213 3141 4432 
1324 2231 3112 4443 
1324 2231 3113 4442 
1324 2232 3111 4443 
1324 2232 3113 4441 
1324 2233 3112 4441 
1324 2233 3111 4442 
1324 2231 3142 4413 
1324 2231 3143 4412 
1324 2232 3141 4413 
1324 2232 3143 4411 
1324 2233 3142 4411 
1324 2233 3141 4412 
1324 2241 3132 4413 
1324 2241 3133 4412 
1324 2242 3131 4413 
1324 2242 3133 4411 
1324 2243 3132 4411 
1324 2243 3131 4412 
1324 2241 3112 4433 
1324 2241 3113 4432 
1324 2242 3111 4433 
1324 2242 3113 4431 
1324 2243 3112 4431 
1324 2243 3111 4432 
1324 2211 3432 4143 
1324 2211 3433 4142 
1324 2212 3431 4143 
1324 2212 3433 4141 
1324 2213 3432 4141 
1324 2213 3431 4142 
1324 2211 3442 4133 
1324 2211 3443 4132 
1324 2212 3441 4133 
1324 2212 3443 4131 
1324 2213 3442 4131 
1324 2213 3441 4132 
1324 2231 3412 4143 
1324 2231 3413 4142 
1324 2232 3411 4143 
1324 2232 3413 4141 
1324 2233 3412 4141 
1324 2233 3411 4142 
1324 2231 3442 4113 
1324 2231 3443 4112 
1324 2232 3441 4113 
1324 2232 3443 4111 
1324 2233 3442 4111 
1324 2233 3441 4112 
1324 2241 3432 4113 
1324 2241 3433 4112 
1324 2242 3431 4113 
1324 2242 3433 4111 
1324 2243 3432 4111 
1324 2243 3431 4112 
1324 2241 3412 4133 
1324 2241 3413 4132 
1324 2242 3411 4133 
1324 2242 3413 4131 
1324 2243 3412 4131 
1324 2243 3411 4132 
1324 2411 3232 4143 
1324 2411 3233 4142 
1324 2412 3231 4143 
1324 2412 3233 4141 
1324 2413 3232 4141 
1324 2413 3231 4142 
1324 2411 3242 4133 
1324 2411 3243 4132 
1324 2412 3241 4133 
1324 2412 3243 4131 
1324 2413 3242 4131 
1324 2413 3241 4132 
1324 2431 3212 4143 
1324 2431 3213 4142 
1324 2432 3211 4143 
1324 2432 3213 4141 
1324 2433 3212 4141 
1324 2433 3211 4142 
1324 2431 3242 4113 
1324 2431 3243 4112 
1324 2432 3241 4113 
1324 2432 3243 4111 
1324 2433 3242 4111 
1324 2433 3241 4112 
1324 2441 3232 4113 
1324 2441 3233 4112 
1324 2442 3231 4113 
1324 2442 3233 4111 
1324 2443 3232 4111 
1324 2443 3231 4112 
1324 2441 3212 4133 
1324 2441 3213 4132 
1324 2442 3211 4133 
1324 2442 3213 4131 
1324 2443 3212 4131 
1324 2443 3211 4132 
1324 2411 3132 4243 
1324 2411 3133 4242 
1324 2412 3131 4243 
1324 2412 3133 4241 
1324 2413 3132 4241 
1324 2413 3131 4242 
1324 2411 3142 4233 
1324 2411 3143 4232 
1324 2412 3141 4233 
1324 2412 3143 4231 
1324 2413 3142 4231 
1324 2413 3141 4232 
1324 2431 3112 4243 
1324 2431 3113 4242 
1324 2432 3111 4243 
1324 2432 3113 4241 
1324 2433 3112 4241 
1324 2433 3111 4242 
1324 2431 3142 4213 
1324 2431 3143 4212 
1324 2432 3141 4213 
1324 2432 3143 4211 
1324 2433 3142 4211 
1324 2433 3141 4212 
1324 2441 3132 4213 
1324 2441 3133 4212 
1324 2442 3131 4213 
1324 2442 3133 4211 
1324 2443 3132 4211 
1324 2443 3131 4212 
1324 2441 3112 4233 
1324 2441 3113 4232 
1324 2442 3111 4233 
1324 2442 3113 4231 
1324 2443 3112 4231 
1324 2443 3111 4232 
1324 2111 4232 3443 
1324 2111 4233 3442 
1324 2112 4231 3443 
1324 2112 4233 3441 
1324 2113 4232 3441 
1324 2113 4231 3442 
1324 2111 4242 3433 
1324 2111 4243 3432 
1324 2112 4241 3433 
1324 2112 4243 3431 
1324 2113 4242 3431 
1324 2113 4241 3432 
1324 2131 4212 3443 
1324 2131 4213 3442 
1324 2132 4211 3443 
1324 2132 4213 3441 
1324 2133 4212 3441 
1324 2133 4211 3442 
1324 2131 4242 3413 
1324 2131 4243 3412 
1324 2132 4241 3413 
1324 2132 4243 3411 
1324 2133 4242 3411 
1324 2133 4241 3412 
1324 2141 4232 3413 
1324 2141 4233 3412 
1324 2142 4231 3413 
1324 2142 4233 3411 
1324 2143 4232 3411 
1324 2143 4231 3412 
1324 2141 4212 3433 
1324 2141 4213 3432 
1324 2142 4211 3433 
1324 2142 4213 3431 
1324 2143 4212 3431 
1324 2143 4211 3432 
1324 2111 4432 3243 
1324 2111 4433 3242 
1324 2112 4431 3243 
1324 2112 4433 3241 
1324 2113 4432 3241 
1324 2113 4431 3242 
1324 2111 4442 3233 
1324 2111 4443 3232 
1324 2112 4441 3233 
1324 2112 4443 3231 
1324 2113 4442 3231 
1324 2113 4441 3232 
1324 2131 4412 3243 
1324 2131 4413 3242 
1324 2132 4411 3243 
1324 2132 4413 3241 
1324 2133 4412 3241 
1324 2133 4411 3242 
1324 2131 4442 3213 
1324 2131 4443 3212 
1324 2132 4441 3213 
1324 2132 4443 3211 
1324 2133 4442 3211 
1324 2133 4441 3212 
1324 2141 4432 3213 
1324 2141 4433 3212 
1324 2142 4431 3213 
1324 2142 4433 3211 
1324 2143 4432 3211 
1324 2143 4431 3212 
1324 2141 4412 3233 
1324 2141 4413 3232 
1324 2142 4411 3233 
1324 2142 4413 3231 
1324 2143 4412 3231 
1324 2143 4411 3232 
1324 2211 4132 3443 
1324 2211 4133 3442 
1324 2212 4131 3443 
1324 2212 4133 3441 
1324 2213 4132 3441 
1324 2213 4131 3442 
1324 2211 4142 3433 
1324 2211 4143 3432 
1324 2212 4141 3433 
1324 2212 4143 3431 
1324 2213 4142 3431 
1324 2213 4141 3432 
1324 2231 4112 3443 
1324 2231 4113 3442 
1324 2232 4111 3443 
1324 2232 4113 3441 
1324 2233 4112 3441 
1324 2233 4111 3442 
1324 2231 4142 3413 
1324 2231 4143 3412 
1324 2232 4141 3413 
1324 2232 4143 3411 
1324 2233 4142 3411 
1324 2233 4141 3412 
1324 2241 4132 3413 
1324 2241 4133 3412 
1324 2242 4131 3413 
1324 2242 4133 3411 
1324 2243 4132 3411 
1324 2243 4131 3412 
1324 2241 4112 3433 
1324 2241 4113 3432 
1324 2242 4111 3433 
1324 2242 4113 3431 
1324 2243 4112 3431 
1324 2243 4111 3432 
1324 2211 4432 3143 
1324 2211 4433 3142 
1324 2212 4431 3143 
1324 2212 4433 3141 
1324 2213 4432 3141 
1324 2213 4431 3142 
1324 2211 4442 3133 
1324 2211 4443 3132 
1324 2212 4441 3133 
1324 2212 4443 3131 
1324 2213 4442 3131 
1324 2213 4441 3132 
1324 2231 4412 3143 
1324 2231 4413 3142 
1324 2232 4411 3143 
1324 2232 4413 3141 
1324 2233 4412 3141 
1324 2233 4411 3142 
1324 2231 4442 3113 
1324 2231 4443 3112 
1324 2232 4441 3113 
1324 2232 4443 3111 
1324 2233 4442 3111 
1324 2233 4441 3112 
1324 2241 4432 3113 
1324 2241 4433 3112 
1324 2242 4431 3113 
1324 2242 4433 3111 
1324 2243 4432 3111 
1324 2243 4431 3112 
1324 2241 4412 3133 
1324 2241 4413 3132 
1324 2242 4411 3133 
1324 2242 4413 3131 
1324 2243 4412 3131 
1324 2243 4411 3132 
1324 2411 4232 3143 
1324 2411 4233 3142 
1324 2412 4231 3143 
1324 2412 4233 3141 
1324 2413 4232 3141 
1324 2413 4231 3142 
1324 2411 4242 3133 
1324 2411 4243 3132 
1324 2412 4241 3133 
1324 2412 4243 3131 
1324 2413 4242 3131 
1324 2413 4241 3132 
1324 2431 4212 3143 
1324 2431 4213 3142 
1324 2432 4211 3143 
1324 2432 4213 3141 
1324 2433 4212 3141 
1324 2433 4211 3142 
1324 2431 4242 3113 
1324 2431 4243 3112 
1324 2432 4241 3113 
1324 2432 4243 3111 
1324 2433 4242 3111 
1324 2433 4241 3112 
1324 2441 4232 3113 
1324 2441 4233 3112 
1324 2442 4231 3113 
1324 2442 4233 3111 
1324 2443 4232 3111 
1324 2443 4231 3112 
1324 2441 4212 3133 
1324 2441 4213 3132 
1324 2442 4211 3133 
1324 2442 4213 3131 
1324 2443 4212 3131 
1324 2443 4211 3132 
1324 2411 4132 3243 
1324 2411 4133 3242 
1324 2412 4131 3243 
1324 2412 4133 3241 
1324 2413 4132 3241 
1324 2413 4131 3242 
1324 2411 4142 3233 
1324 2411 4143 3232 
1324 2412 4141 3233 
1324 2412 4143 3231 
1324 2413 4142 3231 
1324 2413 4141 3232 
1324 2431 4112 3243 
1324 2431 4113 3242 
1324 2432 4111 3243 
1324 2432 4113 3241 
1324 2433 4112 3241 
1324 2433 4111 3242 
1324 2431 4142 3213 
1324 2431 4143 3212 
1324 2432 4141 3213 
1324 2432 4143 3211 
1324 2433 4142 3211 
1324 2433 4141 3212 
1324 2441 4132 3213 
1324 2441 4133 3212 
1324 2442 4131 3213 
1324 2442 4133 3211 
1324 2443 4132 3211 
1324 2443 4131 3212 
1324 2441 4112 3233 
1324 2441 4113 3232 
1324 2442 4111 3233 
1324 2442 4113 3231 
1324 2443 4112 3231 
1324 2443 4111 3232 
1324 3111 2232 4443 
1324 3111 2233 4442 
1324 3112 2231 4443 
1324 3112 2233 4441 
1324 3113 2232 4441 
1324 3113 2231 4442 
1324 3111 2242 4433 
1324 3111 2243 4432 
1324 3112 2241 4433 
1324 3112 2243 4431 
1324 3113 2242 4431 
1324 3113 2241 4432 
1324 3131 2212 4443 
1324 3131 2213 4442 
1324 3132 2211 4443 
1324 3132 2213 4441 
1324 3133 2212 4441 
1324 3133 2211 4442 
1324 3131 2242 4413 
1324 3131 2243 4412 
1324 3132 2241 4413 
1324 3132 2243 4411 
1324 3133 2242 4411 
1324 3133 2241 4412 
1324 3141 2232 4413 
1324 3141 2233 4412 
1324 3142 2231 4413 
1324 3142 2233 4411 
1324 3143 2232 4411 
1324 3143 2231 4412 
1324 3141 2212 4433 
1324 3141 2213 4432 
1324 3142 2211 4433 
1324 3142 2213 4431 
1324 3143 2212 4431 
1324 3143 2211 4432 
1324 3111 2432 4243 
1324 3111 2433 4242 
1324 3112 2431 4243 
1324 3112 2433 4241 
1324 3113 2432 4241 
1324 3113 2431 4242 
1324 3111 2442 4233 
1324 3111 2443 4232 
1324 3112 2441 4233 
1324 3112 2443 4231 
1324 3113 2442 4231 
1324 3113 2441 4232 
1324 3131 2412 4243 
1324 3131 2413 4242 
1324 3132 2411 4243 
1324 3132 2413 4241 
1324 3133 2412 4241 
1324 3133 2411 4242 
1324 3131 2442 4213 
1324 3131 2443 4212 
1324 3132 2441 4213 
1324 3132 2443 4211 
1324 3133 2442 4211 
1324 3133 2441 4212 
1324 3141 2432 4213 
1324 3141 2433 4212 
1324 3142 2431 4213 
1324 3142 2433 4211 
1324 3143 2432 4211 
1324 3143 2431 4212 
1324 3141 2412 4233 
1324 3141 2413 4232 
1324 3142 2411 4233 
1324 3142 2413 4231 
1324 3143 2412 4231 
1324 3143 2411 4232 
1324 3211 2132 4443 
1324 3211 2133 4442 
1324 3212 2131 4443 
1324 3212 2133 4441 
1324 3213 2132 4441 
1324 3213 2131 4442 
1324 3211 2142 4433 
1324 3211 2143 4432 
1324 3212 2141 4433 
1324 3212 2143 4431 
1324 3213 2142 4431 
1324 3213 2141 4432 
1324 3231 2112 4443 
1324 3231 2113 4442 
1324 3232 2111 4443 
1324 3232 2113 4441 
1324 3233 2112 4441 
1324 3233 2111 4442 
1324 3231 2142 4413 
1324 3231 2143 4412 
1324 3232 2141 4413 
1324 3232 2143 4411 
1324 3233 2142 4411 
1324 3233 2141 4412 
1324 3241 2132 4413 
1324 3241 2133 4412 
1324 3242 2131 4413 
1324 3242 2133 4411 
1324 3243 2132 4411 
1324 3243 2131 4412 
1324 3241 2112 4433 
1324 3241 2113 4432 
1324 3242 2111 4433 
1324 3242 2113 4431 
1324 3243 2112 4431 
1324 3243 2111 4432 
1324 3211 2432 4143 
1324 3211 2433 4142 
1324 3212 2431 4143 
1324 3212 2433 4141 
1324 3213 2432 4141 
1324 3213 2431 4142 
1324 3211 2442 4133 
1324 3211 2443 4132 
1324 3212 2441 4133 
1324 3212 2443 4131 
1324 3213 2442 4131 
1324 3213 2441 4132 
1324 3231 2412 4143 
1324 3231 2413 4142 
1324 3232 2411 4143 
1324 3232 2413 4141 
1324 3233 2412 4141 
1324 3233 2411 4142 
1324 3231 2442 4113 
1324 3231 2443 4112 
1324 3232 2441 4113 
1324 3232 2443 4111 
1324 3233 2442 4111 
1324 3233 2441 4112 
1324 3241 2432 4113 
1324 3241 2433 4112 
1324 3242 2431 4113 
1324 3242 2433 4111 
1324 3243 2432 4111 
1324 3243 2431 4112 
1324 3241 2412 4133 
1324 3241 2413 4132 
1324 3242 2411 4133 
1324 3242 2413 4131 
1324 3243 2412 4131 
1324 3243 2411 4132 
1324 3411 2232 4143 
1324 3411 2233 4142 
1324 3412 2231 4143 
1324 3412 2233 4141 
1324 3413 2232 4141 
1324 3413 2231 4142 
1324 3411 2242 4133 
1324 3411 2243 4132 
1324 3412 2241 4133 
1324 3412 2243 4131 
1324 3413 2242 4131 
1324 3413 2241 4132 
1324 3431 2212 4143 
1324 3431 2213 4142 
1324 3432 2211 4143 
1324 3432 2213 4141 
1324 3433 2212 4141 
1324 3433 2211 4142 
1324 3431 2242 4113 
1324 3431 2243 4112 
1324 3432 2241 4113 
1324 3432 2243 4111 
1324 3433 2242 4111 
1324 3433 2241 4112 
1324 3441 2232 4113 
1324 3441 2233 4112 
1324 3442 2231 4113 
1324 3442 2233 4111 
1324 3443 2232 4111 
1324 3443 2231 4112 
1324 3441 2212 4133 
1324 3441 2213 4132 
1324 3442 2211 4133 
1324 3442 2213 4131 
1324 3443 2212 4131 
1324 3443 2211 4132 
1324 3411 2132 4243 
1324 3411 2133 4242 
1324 3412 2131 4243 
1324 3412 2133 4241 
1324 3413 2132 4241 
1324 3413 2131 4242 
1324 3411 2142 4233 
1324 3411 2143 4232 
1324 3412 2141 4233 
1324 3412 2143 4231 
1324 3413 2142 4231 
1324 3413 2141 4232 
1324 3431 2112 4243 
1324 3431 2113 4242 
1324 3432 2111 4243 
1324 3432 2113 4241 
1324 3433 2112 4241 
1324 3433 2111 4242 
1324 3431 2142 4213 
1324 3431 2143 4212 
1324 3432 2141 4213 
1324 3432 2143 4211 
1324 3433 2142 4211 
1324 3433 2141 4212 
1324 3441 2132 4213 
1324 3441 2133 4212 
1324 3442 2131 4213 
1324 3442 2133 4211 
1324 3443 2132 4211 
1324 3443 2131 4212 
1324 3441 2112 4233 
1324 3441 2113 4232 
1324 3442 2111 4233 
1324 3442 2113 4231 
1324 3443 2112 4231 
1324 3443 2111 4232 
1324 3111 4232 2443 
1324 3111 4233 2442 
1324 3112 4231 2443 
1324 3112 4233 2441 
1324 3113 4232 2441 
1324 3113 4231 2442 
1324 3111 4242 2433 
1324 3111 4243 2432 
1324 3112 4241 2433 
1324 3112 4243 2431 
1324 3113 4242 2431 
1324 3113 4241 2432 
1324 3131 4212 2443 
1324 3131 4213 2442 
1324 3132 4211 2443 
1324 3132 4213 2441 
1324 3133 4212 2441 
1324 3133 4211 2442 
1324 3131 4242 2413 
1324 3131 4243 2412 
1324 3132 4241 2413 
1324 3132 4243 2411 
1324 3133 4242 2411 
1324 3133 4241 2412 
1324 3141 4232 2413 
1324 3141 4233 2412 
1324 3142 4231 2413 
1324 3142 4233 2411 
1324 3143 4232 2411 
1324 3143 4231 2412 
1324 3141 4212 2433 
1324 3141 4213 2432 
1324 3142 4211 2433 
1324 3142 4213 2431 
1324 3143 4212 2431 
1324 3143 4211 2432 
1324 3111 4432 2243 
1324 3111 4433 2242 
1324 3112 4431 2243 
1324 3112 4433 2241 
1324 3113 4432 2241 
1324 3113 4431 2242 
1324 3111 4442 2233 
1324 3111 4443 2232 
1324 3112 4441 2233 
1324 3112 4443 2231 
1324 3113 4442 2231 
1324 3113 4441 2232 
1324 3131 4412 2243 
1324 3131 4413 2242 
1324 3132 4411 2243 
1324 3132 4413 2241 
1324 3133 4412 2241 
1324 3133 4411 2242 
1324 3131 4442 2213 
1324 3131 4443 2212 
1324 3132 4441 2213 
1324 3132 4443 2211 
1324 3133 4442 2211 
1324 3133 4441 2212 
1324 3141 4432 2213 
1324 3141 4433 2212 
1324 3142 4431 2213 
1324 3142 4433 2211 
1324 3143 4432 2211 
1324 3143 4431 2212 
1324 3141 4412 2233 
1324 3141 4413 2232 
1324 3142 4411 2233 
1324 3142 4413 2231 
1324 3143 4412 2231 
1324 3143 4411 2232 
1324 3211 4132 2443 
1324 3211 4133 2442 
1324 3212 4131 2443 
1324 3212 4133 2441 
1324 3213 4132 2441 
1324 3213 4131 2442 
1324 3211 4142 2433 
1324 3211 4143 2432 
1324 3212 4141 2433 
1324 3212 4143 2431 
1324 3213 4142 2431 
1324 3213 4141 2432 
1324 3231 4112 2443 
1324 3231 4113 2442 
1324 3232 4111 2443 
1324 3232 4113 2441 
1324 3233 4112 2441 
1324 3233 4111 2442 
1324 3231 4142 2413 
1324 3231 4143 2412 
1324 3232 4141 2413 
1324 3232 4143 2411 
1324 3233 4142 2411 
1324 3233 4141 2412 
1324 3241 4132 2413 
1324 3241 4133 2412 
1324 3242 4131 2413 
1324 3242 4133 2411 
1324 3243 4132 2411 
1324 3243 4131 2412 
1324 3241 4112 2433 
1324 3241 4113 2432 
1324 3242 4111 2433 
1324 3242 4113 2431 
1324 3243 4112 2431 
1324 3243 4111 2432 
1324 3211 4432 2143 
1324 3211 4433 2142 
1324 3212 4431 2143 
1324 3212 4433 2141 
1324 3213 4432 2141 
1324 3213 4431 2142 
1324 3211 4442 2133 
1324 3211 4443 2132 
1324 3212 4441 2133 
1324 3212 4443 2131 
1324 3213 4442 2131 
1324 3213 4441 2132 
1324 3231 4412 2143 
1324 3231 4413 2142 
1324 3232 4411 2143 
1324 3232 4413 2141 
1324 3233 4412 2141 
1324 3233 4411 2142 
1324 3231 4442 2113 
1324 3231 4443 2112 
1324 3232 4441 2113 
1324 3232 4443 2111 
1324 3233 4442 2111 
1324 3233 4441 2112 
1324 3241 4432 2113 
1324 3241 4433 2112 
1324 3242 4431 2113 
1324 3242 4433 2111 
1324 3243 4432 2111 
1324 3243 4431 2112 
1324 3241 4412 2133 
1324 3241 4413 2132 
1324 3242 4411 2133 
1324 3242 4413 2131 
1324 3243 4412 2131 
1324 3243 4411 2132 
1324 3411 4232 2143 
1324 3411 4233 2142 
1324 3412 4231 2143 
1324 3412 4233 2141 
1324 3413 4232 2141 
1324 3413 4231 2142 
1324 3411 4242 2133 
1324 3411 4243 2132 
1324 3412 4241 2133 
1324 3412 4243 2131 
1324 3413 4242 2131 
1324 3413 4241 2132 
1324 3431 4212 2143 
1324 3431 4213 2142 
1324 3432 4211 2143 
1324 3432 4213 2141 
1324 3433 4212 2141 
1324 3433 4211 2142 
1324 3431 4242 2113 
1324 3431 4243 2112 
1324 3432 4241 2113 
1324 3432 4243 2111 
1324 3433 4242 2111 
1324 3433 4241 2112 
1324 3441 4232 2113 
1324 3441 4233 2112 
1324 3442 4231 2113 
1324 3442 4233 2111 
1324 3443 4232 2111 
1324 3443 4231 2112 
1324 3441 4212 2133 
1324 3441 4213 2132 
1324 3442 4211 2133 
1324 3442 4213 2131 
1324 3443 4212 2131 
1324 3443 4211 2132 
1324 3411 4132 2243 
1324 3411 4133 2242 
1324 3412 4131 2243 
1324 3412 4133 2241 
1324 3413 4132 2241 
1324 3413 4131 2242 
1324 3411 4142 2233 
1324 3411 4143 2232 
1324 3412 4141 2233 
1324 3412 4143 2231 
1324 3413 4142 2231 
1324 3413 4141 2232 
1324 3431 4112 2243 
1324 3431 4113 2242 
1324 3432 4111 2243 
1324 3432 4113 2241 
1324 3433 4112 2241 
1324 3433 4111 2242 
1324 3431 4142 2213 
1324 3431 4143 2212 
1324 3432 4141 2213 
1324 3432 4143 2211 
1324 3433 4142 2211 
1324 3433 4141 2212 
1324 3441 4132 2213 
1324 3441 4133 2212 
1324 3442 4131 2213 
1324 3442 4133 2211 
1324 3443 4132 2211 
1324 3443 4131 2212 
1324 3441 4112 2233 
1324 3441 4113 2232 
1324 3442 4111 2233 
1324 3442 4113 2231 
1324 3443 4112 2231 
1324 3443 4111 2232 
1324 4111 3232 2443 
1324 4111 3233 2442 
1324 4112 3231 2443 
1324 4112 3233 2441 
1324 4113 3232 2441 
1324 4113 3231 2442 
1324 4111 3242 2433 
1324 4111 3243 2432 
1324 4112 3241 2433 
1324 4112 3243 2431 
1324 4113 3242 2431 
1324 4113 3241 2432 
1324 4131 3212 2443 
1324 4131 3213 2442 
1324 4132 3211 2443 
1324 4132 3213 2441 
1324 4133 3212 2441 
1324 4133 3211 2442 
1324 4131 3242 2413 
1324 4131 3243 2412 
1324 4132 3241 2413 
1324 4132 3243 2411 
1324 4133 3242 2411 
1324 4133 3241 2412 
1324 4141 3232 2413 
1324 4141 3233 2412 
1324 4142 3231 2413 
1324 4142 3233 2411 
1324 4143 3232 2411 
1324 4143 3231 2412 
1324 4141 3212 2433 
1324 4141 3213 2432 
1324 4142 3211 2433 
1324 4142 3213 2431 
1324 4143 3212 2431 
1324 4143 3211 2432 
1324 4111 3432 2243 
1324 4111 3433 2242 
1324 4112 3431 2243 
1324 4112 3433 2241 
1324 4113 3432 2241 
1324 4113 3431 2242 
1324 4111 3442 2233 
1324 4111 3443 2232 
1324 4112 3441 2233 
1324 4112 3443 2231 
1324 4113 3442 2231 
1324 4113 3441 2232 
1324 4131 3412 2243 
1324 4131 3413 2242 
1324 4132 3411 2243 
1324 4132 3413 2241 
1324 4133 3412 2241 
1324 4133 3411 2242 
1324 4131 3442 2213 
1324 4131 3443 2212 
1324 4132 3441 2213 
1324 4132 3443 2211 
1324 4133 3442 2211 
1324 4133 3441 2212 
1324 4141 3432 2213 
1324 4141 3433 2212 
1324 4142 3431 2213 
1324 4142 3433 2211 
1324 4143 3432 2211 
1324 4143 3431 2212 
1324 4141 3412 2233 
1324 4141 3413 2232 
1324 4142 3411 2233 
1324 4142 3413 2231 
1324 4143 3412 2231 
1324 4143 3411 2232 
1324 4211 3132 2443 
1324 4211 3133 2442 
1324 4212 3131 2443 
1324 4212 3133 2441 
1324 4213 3132 2441 
1324 4213 3131 2442 
1324 4211 3142 2433 
1324 4211 3143 2432 
1324 4212 3141 2433 
1324 4212 3143 2431 
1324 4213 3142 2431 
1324 4213 3141 2432 
1324 4231 3112 2443 
1324 4231 3113 2442 
1324 4232 3111 2443 
1324 4232 3113 2441 
1324 4233 3112 2441 
1324 4233 3111 2442 
1324 4231 3142 2413 
1324 4231 3143 2412 
1324 4232 3141 2413 
1324 4232 3143 2411 
1324 4233 3142 2411 
1324 4233 3141 2412 
1324 4241 3132 2413 
1324 4241 3133 2412 
1324 4242 3131 2413 
1324 4242 3133 2411 
1324 4243 3132 2411 
1324 4243 3131 2412 
1324 4241 3112 2433 
1324 4241 3113 2432 
1324 4242 3111 2433 
1324 4242 3113 2431 
1324 4243 3112 2431 
1324 4243 3111 2432 
1324 4211 3432 2143 
1324 4211 3433 2142 
1324 4212 3431 2143 
1324 4212 3433 2141 
1324 4213 3432 2141 
1324 4213 3431 2142 
1324 4211 3442 2133 
1324 4211 3443 2132 
1324 4212 3441 2133 
1324 4212 3443 2131 
1324 4213 3442 2131 
1324 4213 3441 2132 
1324 4231 3412 2143 
1324 4231 3413 2142 
1324 4232 3411 2143 
1324 4232 3413 2141 
1324 4233 3412 2141 
1324 4233 3411 2142 
1324 4231 3442 2113 
1324 4231 3443 2112 
1324 4232 3441 2113 
1324 4232 3443 2111 
1324 4233 3442 2111 
1324 4233 3441 2112 
1324 4241 3432 2113 
1324 4241 3433 2112 
1324 4242 3431 2113 
1324 4242 3433 2111 
1324 4243 3432 2111 
1324 4243 3431 2112 
1324 4241 3412 2133 
1324 4241 3413 2132 
1324 4242 3411 2133 
1324 4242 3413 2131 
1324 4243 3412 2131 
1324 4243 3411 2132 
1324 4411 3232 2143 
1324 4411 3233 2142 
1324 4412 3231 2143 
1324 4412 3233 2141 
1324 4413 3232 2141 
1324 4413 3231 2142 
1324 4411 3242 2133 
1324 4411 3243 2132 
1324 4412 3241 2133 
1324 4412 3243 2131 
1324 4413 3242 2131 
1324 4413 3241 2132 
1324 4431 3212 2143 
1324 4431 3213 2142 
1324 4432 3211 2143 
1324 4432 3213 2141 
1324 4433 3212 2141 
1324 4433 3211 2142 
1324 4431 3242 2113 
1324 4431 3243 2112 
1324 4432 3241 2113 
1324 4432 3243 2111 
1324 4433 3242 2111 
1324 4433 3241 2112 
1324 4441 3232 2113 
1324 4441 3233 2112 
1324 4442 3231 2113 
1324 4442 3233 2111 
1324 4443 3232 2111 
1324 4443 3231 2112 
1324 4441 3212 2133 
1324 4441 3213 2132 
1324 4442 3211 2133 
1324 4442 3213 2131 
1324 4443 3212 2131 
1324 4443 3211 2132 
1324 4411 3132 2243 
1324 4411 3133 2242 
1324 4412 3131 2243 
1324 4412 3133 2241 
1324 4413 3132 2241 
1324 4413 3131 2242 
1324 4411 3142 2233 
1324 4411 3143 2232 
1324 4412 3141 2233 
1324 4412 3143 2231 
1324 4413 3142 2231 
1324 4413 3141 2232 
1324 4431 3112 2243 
1324 4431 3113 2242 
1324 4432 3111 2243 
1324 4432 3113 2241 
1324 4433 3112 2241 
1324 4433 3111 2242 
1324 4431 3142 2213 
1324 4431 3143 2212 
1324 4432 3141 2213 
1324 4432 3143 2211 
1324 4433 3142 2211 
1324 4433 3141 2212 
1324 4441 3132 2213 
1324 4441 3133 2212 
1324 4442 3131 2213 
1324 4442 3133 2211 
1324 4443 3132 2211 
1324 4443 3131 2212 
1324 4441 3112 2233 
1324 4441 3113 2232 
1324 4442 3111 2233 
1324 4442 3113 2231 
1324 4443 3112 2231 
1324 4443 3111 2232 
1324 4111 2232 3443 
1324 4111 2233 3442 
1324 4112 2231 3443 
1324 4112 2233 3441 
1324 4113 2232 3441 
1324 4113 2231 3442 
1324 4111 2242 3433 
1324 4111 2243 3432 
1324 4112 2241 3433 
1324 4112 2243 3431 
1324 4113 2242 3431 
1324 4113 2241 3432 
1324 4131 2212 3443 
1324 4131 2213 3442 
1324 4132 2211 3443 
1324 4132 2213 3441 
1324 4133 2212 3441 
1324 4133 2211 3442 
1324 4131 2242 3413 
1324 4131 2243 3412 
1324 4132 2241 3413 
1324 4132 2243 3411 
1324 4133 2242 3411 
1324 4133 2241 3412 
1324 4141 2232 3413 
1324 4141 2233 3412 
1324 4142 2231 3413 
1324 4142 2233 3411 
1324 4143 2232 3411 
1324 4143 2231 3412 
1324 4141 2212 3433 
1324 4141 2213 3432 
1324 4142 2211 3433 
1324 4142 2213 3431 
1324 4143 2212 3431 
1324 4143 2211 3432 
1324 4111 2432 3243 
1324 4111 2433 3242 
1324 4112 2431 3243 
1324 4112 2433 3241 
1324 4113 2432 3241 
1324 4113 2431 3242 
1324 4111 2442 3233 
1324 4111 2443 3232 
1324 4112 2441 3233 
1324 4112 2443 3231 
1324 4113 2442 3231 
1324 4113 2441 3232 
1324 4131 2412 3243 
1324 4131 2413 3242 
1324 4132 2411 3243 
1324 4132 2413 3241 
1324 4133 2412 3241 
1324 4133 2411 3242 
1324 4131 2442 3213 
1324 4131 2443 3212 
1324 4132 2441 3213 
1324 4132 2443 3211 
1324 4133 2442 3211 
1324 4133 2441 3212 
1324 4141 2432 3213 
1324 4141 2433 3212 
1324 4142 2431 3213 
1324 4142 2433 3211 
1324 4143 2432 3211 
1324 4143 2431 3212 
1324 4141 2412 3233 
1324 4141 2413 3232 
1324 4142 2411 3233 
1324 4142 2413 3231 
1324 4143 2412 3231 
1324 4143 2411 3232 
1324 4211 2132 3443 
1324 4211 2133 3442 
1324 4212 2131 3443 
1324 4212 2133 3441 
1324 4213 2132 3441 
1324 4213 2131 3442 
1324 4211 2142 3433 
1324 4211 2143 3432 
1324 4212 2141 3433 
1324 4212 2143 3431 
1324 4213 2142 3431 
1324 4213 2141 3432 
1324 4231 2112 3443 
1324 4231 2113 3442 
1324 4232 2111 3443 
1324 4232 2113 3441 
1324 4233 2112 3441 
1324 4233 2111 3442 
1324 4231 2142 3413 
1324 4231 2143 3412 
1324 4232 2141 3413 
1324 4232 2143 3411 
1324 4233 2142 3411 
1324 4233 2141 3412 
1324 4241 2132 3413 
1324 4241 2133 3412 
1324 4242 2131 3413 
1324 4242 2133 3411 
1324 4243 2132 3411 
1324 4243 2131 3412 
1324 4241 2112 3433 
1324 4241 2113 3432 
1324 4242 2111 3433 
1324 4242 2113 3431 
1324 4243 2112 3431 
1324 4243 2111 3432 
1324 4211 2432 3143 
1324 4211 2433 3142 
1324 4212 2431 3143 
1324 4212 2433 3141 
1324 4213 2432 3141 
1324 4213 2431 3142 
1324 4211 2442 3133 
1324 4211 2443 3132 
1324 4212 2441 3133 
1324 4212 2443 3131 
1324 4213 2442 3131 
1324 4213 2441 3132 
1324 4231 2412 3143 
1324 4231 2413 3142 
1324 4232 2411 3143 
1324 4232 2413 3141 
1324 4233 2412 3141 
1324 4233 2411 3142 
1324 4231 2442 3113 
1324 4231 2443 3112 
1324 4232 2441 3113 
1324 4232 2443 3111 
1324 4233 2442 3111 
1324 4233 2441 3112 
1324 4241 2432 3113 
1324 4241 2433 3112 
1324 4242 2431 3113 
1324 4242 2433 3111 
1324 4243 2432 3111 
1324 4243 2431 3112 
1324 4241 2412 3133 
1324 4241 2413 3132 
1324 4242 2411 3133 
1324 4242 2413 3131 
1324 4243 2412 3131 
1324 4243 2411 3132 
1324 4411 2232 3143 
1324 4411 2233 3142 
1324 4412 2231 3143 
1324 4412 2233 3141 
1324 4413 2232 3141 
1324 4413 2231 3142 
1324 4411 2242 3133 
1324 4411 2243 3132 
1324 4412 2241 3133 
1324 4412 2243 3131 
1324 4413 2242 3131 
1324 4413 2241 3132 
1324 4431 2212 3143 
1324 4431 2213 3142 
1324 4432 2211 3143 
1324 4432 2213 3141 
1324 4433 2212 3141 
1324 4433 2211 3142 
1324 4431 2242 3113 
1324 4431 2243 3112 
1324 4432 2241 3113 
1324 4432 2243 3111 
1324 4433 2242 3111 
1324 4433 2241 3112 
1324 4441 2232 3113 
1324 4441 2233 3112 
1324 4442 2231 3113 
1324 4442 2233 3111 
1324 4443 2232 3111 
1324 4443 2231 3112 
1324 4441 2212 3133 
1324 4441 2213 3132 
1324 4442 2211 3133 
1324 4442 2213 3131 
1324 4443 2212 3131 
1324 4443 2211 3132 
1324 4411 2132 3243 
1324 4411 2133 3242 
1324 4412 2131 3243 
1324 4412 2133 3241 
1324 4413 2132 3241 
1324 4413 2131 3242 
1324 4411 2142 3233 
1324 4411 2143 3232 
1324 4412 2141 3233 
1324 4412 2143 3231 
1324 4413 2142 3231 
1324 4413 2141 3232 
1324 4431 2112 3243 
1324 4431 2113 3242 
1324 4432 2111 3243 
1324 4432 2113 3241 
1324 4433 2112 3241 
1324 4433 2111 3242 
1324 4431 2142 3213 
1324 4431 2143 3212 
1324 4432 2141 3213 
1324 4432 2143 3211 
1324 4433 2142 3211 
1324 4433 2141 3212 
1324 4441 2132 3213 
1324 4441 2133 3212 
1324 4442 2131 3213 
1324 4442 2133 3211 
1324 4443 2132 3211 
1324 4443 2131 3212 
1324 4441 2112 3233 
1324 4441 2113 3232 
1324 4442 2111 3233 
1324 4442 2113 3231 
1324 4443 2112 3231 
1324 4443 2111 3232 
